codes
HYPAMZB2749CJT8ELHY
HYPAMZB2749CI4CH0AB
HYPAMZB2749CB5SOPP7
HYPAMZB2749CRWOGI2I
HYPAMZB2749CN3QKTRO
HYPAMZB2749CDV4X1IL
HYPAMZB2749C01TX95O
HYPAMZB2749CQF4YGFZ
HYPAMZB2749CR8UV2AU
HYPAMZB2749C93D8N2K
HYPAMZB2749CBR9IC2X
HYPAMZB2749C9DG0T33
HYPAMZB2749C0JY5ZUC
HYPAMZB2749C6X4SUTI
HYPAMZB2749CQXFTSJB
HYPAMZB2749CIOWGZIA
HYPAMZB2749C4EUXHJA
HYPAMZB2749CCTSVJ4D
HYPAMZB2749CD8H573B
HYPAMZB2749C0G22G0T
HYPAMZB2749CFB0PBNU
HYPAMZB2749C81LREWX
HYPAMZB2749CHL9PJ8P
HYPAMZB2749CKT1D9Z3
HYPAMZB2749CBJKFGYJ
HYPAMZB2749CN15MTGQ
HYPAMZB2749CN7P9JXG
HYPAMZB2749CBEOLQ00
HYPAMZB2749C90KH4UZ
HYPAMZB2749CF540RI1
HYPAMZB2749CR7YKKIO
HYPAMZB2749C4PMLS1V
HYPAMZB2749CEO880EI
HYPAMZB2749CW7YY1P2
HYPAMZB2749CBOIF5P4
HYPAMZB2749C6L536OZ
HYPAMZB2749CTZ9KP99
HYPAMZB2749C3HJXY74
HYPAMZB2749CYT036CL
HYPAMZB2749CH3HEY56
HYPAMZB2749CQ175MPU
HYPAMZB2749C2VXGAEX
HYPAMZB2749CIECZLWC
HYPAMZB2749CATEHDLV
HYPAMZB2749CC9LXS3Q
HYPAMZB2749CQV6C0VZ
HYPAMZB2749C3BB4VSV
HYPAMZB2749CWUV72OV
HYPAMZB2749COBMOO08
HYPAMZB2749CJ425ZJK
HYPAMZB2749C1LVXS8R
HYPAMZB2749C1C2M05P
HYPAMZB2749CPKQ0U3D
HYPAMZB2749C977QBHX
HYPAMZB2749CBVY77OZ
HYPAMZB2749CJ1R1IKD
HYPAMZB2749CX53FOPR
HYPAMZB2749CUR01TFR
HYPAMZB2749CRB28M78
HYPAMZB2749C1EVQQ2G
HYPAMZB2749CYX8CK5Y
HYPAMZB2749CUUP91AV
HYPAMZB2749CY5HXEJ5
HYPAMZB2749CAK88HPA
HYPAMZB2749CEO6L6IW
HYPAMZB2749CCJ9M3QZ
HYPAMZB2749CX5VZ5AO
HYPAMZB2749CTXMUUMH
HYPAMZB2749CJJLKC29
HYPAMZB2749C50X4XAO
HYPAMZB2749CV69LL6A
HYPAMZB2749C38UCXOF
HYPAMZB2749C7XX4VU5
HYPAMZB2749CBPZCJ9P
HYPAMZB2749CPVMVGF3
HYPAMZB2749CII2H1GZ
HYPAMZB2749C1XGPWQE
HYPAMZB2749C2UA7BRS
HYPAMZB2749CNZU7UAK
HYPAMZB2749CD3FC6R2
HYPAMZB2749CXV7KQBR
HYPAMZB2749CYRNAZ0N
HYPAMZB2749C3S7YVYS
HYPAMZB2749C5XGBA16
HYPAMZB2749CV3KAMPO
HYPAMZB2749C9KMP183
HYPAMZB2749CDLLZDDE
HYPAMZB2749CNGDBT83
HYPAMZB2749CMBS5H0V
HYPAMZB2749C00AC5PE
HYPAMZB2749CFJAE8JI
HYPAMZB2749C5VPIO6Y
HYPAMZB2749CJAFF3N5
HYPAMZB2749CAZX22LL
HYPAMZB2749CTQXMN1C
HYPAMZB2749CHQBV8P0
HYPAMZB2749CD6EAJWP
HYPAMZB2749C7040A7C
HYPAMZB2749COKUZKTQ
HYPAMZB2749CM8EW21M
HYPAMZB2749C5TATPQJ
HYPAMZB2749C3OZ6F8Z
HYPAMZB2749CCRDXXKE
HYPAMZB2749CFSDB60W
HYPAMZB2749CULIHN9E
HYPAMZB2749C418S60A
HYPAMZB2749CM5TLD8Y
HYPAMZB2749CAZMEW0G
HYPAMZB2749CHXIRKY0
HYPAMZB2749CU2JZHHA
HYPAMZB2749CASA266P
HYPAMZB2749CX23SKND
HYPAMZB2749C71IYG3N
HYPAMZB2749C4AVZ3XN
HYPAMZB2749CDTY8SWP
HYPAMZB2749CB5RQLB9
HYPAMZB2749CWLRG3O5
HYPAMZB2749CSPKVO5F
HYPAMZB2749C6FD3SVW
HYPAMZB2749CC9XOEE4
HYPAMZB2749CMVE581H
HYPAMZB2749CSXJTQU4
HYPAMZB2749C16TQZ1C
HYPAMZB2749CUEG92YV
HYPAMZB2749CJOB2WW2
HYPAMZB2749C3EXH50O
HYPAMZB2749CAKIMP5A
HYPAMZB2749CZNLL2TH
HYPAMZB2749CNMQX9DI
HYPAMZB2749CH821BJ2
HYPAMZB2749CQJTA99D
HYPAMZB2749CVDE9K3R
HYPAMZB2749C713O7E2
HYPAMZB2749CV1J49OC
HYPAMZB2749CJ44QT42
HYPAMZB2749CP090I5J
HYPAMZB2749CZVAQ0EN
HYPAMZB2749C98SD1KT
HYPAMZB2749CUK4SIWW
HYPAMZB2749CLKAM86W
HYPAMZB2749CHLHD39L
HYPAMZB2749C1OASNA6
HYPAMZB2749CDZ2LA37
HYPAMZB2749C46WWLTW
HYPAMZB2749CV8RD4YS
HYPAMZB2749CU4MJSZI
HYPAMZB2749CBVJN3O3
HYPAMZB2749CV0TMPZK
HYPAMZB2749CA1Q0J56
HYPAMZB2749CHFFRHMF
HYPAMZB2749CBHA8L8R
HYPAMZB2749CKDFN26X
HYPAMZB2749C4M5VSKJ
HYPAMZB2749CYY99MFT
HYPAMZB2749COQCI9KZ
HYPAMZB2749COCT8IKW
HYPAMZB2749CWJ8W3QS
HYPAMZB2749C565F94U
HYPAMZB2749CXB0JKBR
HYPAMZB2749CAQGPJ3X
HYPAMZB2749CIFS96AP
HYPAMZB2749CT8FCTPK
HYPAMZB2749C3M7G7PJ
HYPAMZB2749C53DZG53
HYPAMZB2749C4CZFNUT
HYPAMZB2749CBX2N0O3
HYPAMZB2749CLPYIAXI
HYPAMZB2749CKWNZ62F
HYPAMZB2749CAO774TK
HYPAMZB2749C3NEYSLG
HYPAMZB2749CIFEHW4K
HYPAMZB2749CXHGJLET
HYPAMZB2749CNWBII7N
HYPAMZB2749CATOTEXO
HYPAMZB2749C91SEBY1
HYPAMZB2749CX7XGM5U
HYPAMZB2749CPQO856I
HYPAMZB2749CBPJH78Y
HYPAMZB2749C0S5ZWWD
HYPAMZB2749C3RA7YAA
HYPAMZB2749C4XI3E92
HYPAMZB2749C1BGTSR4
HYPAMZB2749CLSURBDS
HYPAMZB2749CF9H0ZVY
HYPAMZB2749C5BMWAUT
HYPAMZB2749CV0T60H1
HYPAMZB2749CZ32T1U3
HYPAMZB2749CQ06XSFL
HYPAMZB2749C7CLQ6PX
HYPAMZB2749CF4YYQUQ
HYPAMZB2749COECD56O
HYPAMZB2749CS9YAXVQ
HYPAMZB2749CXX6G37O
HYPAMZB2749CO1WGY04
HYPAMZB2749CGGWEO70
HYPAMZB2749C4HZKTQK
HYPAMZB2749CVWCM95S
HYPAMZB2749CXJDVFF0
HYPAMZB2749CKP6JNH4
HYPAMZB2749CR4E3ZKQ
HYPAMZB2749CFD80MSJ
HYPAMZB2749CR15237V
HYPAMZB2749CMZP0W7U
HYPAMZB2749C2Y8TJC9
HYPAMZB2749CLJHIMKO
HYPAMZB2749CPYWKWZH
HYPAMZB2749CORS30V1
HYPAMZB2749CUJ5FSBN
HYPAMZB2749CCNBJMSD
HYPAMZB2749C1WK8YP5
HYPAMZB2749C3HP8N37
HYPAMZB2749COPDLRG8
HYPAMZB2749CYHJ0TEE
HYPAMZB2749CIE8QRNF
HYPAMZB2749COYPGAYM
HYPAMZB2749C6E3CTTX
HYPAMZB2749C3W1RZON
HYPAMZB2749C09LEGHH
HYPAMZB2749CN60GGNH
HYPAMZB2749CYSF87VT
HYPAMZB2749CQMVNA0Y
HYPAMZB2749CG8U139I
HYPAMZB2749CVFPCP1K
HYPAMZB2749C67SHOTR
HYPAMZB2749CE4KXZ1S
HYPAMZB2749CA1QF4LE
HYPAMZB2749C7S4TVMC
HYPAMZB2749CUWE6XWS
HYPAMZB2749CWMRY2XF
HYPAMZB2749CW5S72HK
HYPAMZB2749CUWAAZX5
HYPAMZB2749CU1GKLSZ
HYPAMZB2749C0REM725
HYPAMZB2749CPTQ8I96
HYPAMZB2749C39E9JQS
HYPAMZB2749CCNLXLSY
HYPAMZB2749CI1K8LW8
HYPAMZB2749CLNIH4R8
HYPAMZB2749CWH7F2UJ
HYPAMZB2749CQZ7RBH8
HYPAMZB2749CQGIOM1C
HYPAMZB2749C58OBLLW
HYPAMZB2749CLWHJLEZ
HYPAMZB2749CZLQE4GL
HYPAMZB2749CK4VVX3Z
HYPAMZB2749CUH2LXVX
HYPAMZB2749CHFFPFZS
HYPAMZB2749CBNNZICS
HYPAMZB2749C7Z3OOIX
HYPAMZB2749CG3M4XY1
HYPAMZB2749C8UZGKRQ
HYPAMZB2749C3MWKSF1
HYPAMZB2749CA8E41ZB
HYPAMZB2749CC753I8P
HYPAMZB2749CJJZ5FUC
HYPAMZB2749C1UVQQHH
HYPAMZB2749C4Y3535N
HYPAMZB2749CRTNB6QO
HYPAMZB2749CL27S6OF
HYPAMZB2749C7AJK4GY
HYPAMZB2749CU8Y5X8Q
HYPAMZB2749CD060G4Y
HYPAMZB2749C9ULCO9O
HYPAMZB2749C83V9737
HYPAMZB2749CJ9ND8CD
HYPAMZB2749C3Y7FYF9
HYPAMZB2749CVTJ6DRF
HYPAMZB2749C5GCYUOG
HYPAMZB2749C3OAOXSJ
HYPAMZB2749CVUBDIIK
HYPAMZB2749C27LMA4G
HYPAMZB2749CSTE664V
HYPAMZB2749CO6WFPY0
HYPAMZB2749CBSMADNI
HYPAMZB2749COAK2DQG
HYPAMZB2749CTXH3O2I
HYPAMZB2749CPBE1KLT
HYPAMZB2749CEKISHTJ
HYPAMZB2749CFGVCS4B
HYPAMZB2749C33RMHVK
HYPAMZB2749CRFT2V8J
HYPAMZB2749C8GVWB9M
HYPAMZB2749COW9VV18
HYPAMZB2749CNWBQGQP
HYPAMZB2749CX3N6O6C
HYPAMZB2749CDOSWAGN
HYPAMZB2749CFWDQEXW
HYPAMZB2749CM5WNEGO
HYPAMZB2749CCCG1YR7
HYPAMZB2749CN1LE5JF
HYPAMZB2749CILM3R7R
HYPAMZB2749CXGRFGEZ
HYPAMZB2749CZXST637
HYPAMZB2749CHDPQ6VM
HYPAMZB2749CXGT840V
HYPAMZB2749C67WO7XP
HYPAMZB2749CI7B7HZC
HYPAMZB2749C01KL4JA
HYPAMZB2749CAM1R2L5
HYPAMZB2749C3YXA2GV
HYPAMZB2749CRGOE2JN
HYPAMZB2749CO0LGGL8
HYPAMZB2749C15VTVDU
HYPAMZB2749CR6T7M2C
HYPAMZB2749CEJU3LS6
HYPAMZB2749CMZ5ZLVY
HYPAMZB2749CQUPZTK9
HYPAMZB2749C42BVMZX
HYPAMZB2749CFMLD635
HYPAMZB2749CH90U0GD
HYPAMZB2749CB18649Q
HYPAMZB2749CZALNOF8
HYPAMZB2749CSEGMXLH
HYPAMZB2749CY95VFR2
HYPAMZB2749CEULQMOV
HYPAMZB2749CNGMP68P
HYPAMZB2749CWYBZ7EL
HYPAMZB2749CVH1F353
HYPAMZB2749CPDJKMLH
HYPAMZB2749CV86BROI
HYPAMZB2749C4FJWOIL
HYPAMZB2749CTCJSDJ1
HYPAMZB2749CF0N8KZG
HYPAMZB2749C8HFS2X6
HYPAMZB2749C1C3EOJA
HYPAMZB2749CTH6BNE1
HYPAMZB2749CKMYUSDB
HYPAMZB2749C1Q891M5
HYPAMZB2749CI3D68VH
HYPAMZB2749CPBX7WX3
HYPAMZB2749CE1117PA
HYPAMZB2749C1IVMWNV
HYPAMZB2749CP4DRA27
HYPAMZB2749CJVZXN18
HYPAMZB2749CKDKQ5BV
HYPAMZB2749CR16VL65
HYPAMZB2749CTVNQCHB
HYPAMZB2749C09ROZEY
HYPAMZB2749C6OGWAHT
HYPAMZB2749CWQVJ320
HYPAMZB2749CKAUFWAI
HYPAMZB2749C7G0UD5U
HYPAMZB2749CSNAVUDG
HYPAMZB2749COFNZYQ5
HYPAMZB2749CZ1IGG66
HYPAMZB2749C4CMDFIA
HYPAMZB2749CEDL2QZV
HYPAMZB2749C4H9BNNV
HYPAMZB2749CEFNP4GY
HYPAMZB2749CMJMMJNZ
HYPAMZB2749C0AZGL57
HYPAMZB2749CMHF41U5
HYPAMZB2749CCV9HFCL
HYPAMZB2749CO6PN8ZI
HYPAMZB2749C5K7JT13
HYPAMZB2749CXDEYHZ5
HYPAMZB2749CXL9ODX0
HYPAMZB2749C1QJFSK1
HYPAMZB2749CF535D3F
HYPAMZB2749CRLF0UKK
HYPAMZB2749C5S351XH
HYPAMZB2749CP9Q5QZK
HYPAMZB2749CWR9LRTN
HYPAMZB2749C6KE5NN1
HYPAMZB2749C1ZTAW08
HYPAMZB2749CL5G4UM4
HYPAMZB2749CJIWABJR
HYPAMZB2749C1BZ5X9O
HYPAMZB2749CRYFM9B6
HYPAMZB2749CUM3TMIX
HYPAMZB2749C2EIJBB4
HYPAMZB2749C3084C61
HYPAMZB2749C2YF4G7U
HYPAMZB2749C4TOUSN7
HYPAMZB2749CEEA20P8
HYPAMZB2749CZ3CO9U2
HYPAMZB2749CSU3X4MA
HYPAMZB2749CYHYT7LG
HYPAMZB2749CUW1O9SN
HYPAMZB2749CJUQO9IL
HYPAMZB2749CMDCG580
HYPAMZB2749CCLKMWAU
HYPAMZB2749CQT12UY3
HYPAMZB2749CHYQ5YDX
HYPAMZB2749CV4HNWIM
HYPAMZB2749C5ATDM8Z
HYPAMZB2749C8IHIP5H
HYPAMZB2749C8ZGEIV4
HYPAMZB2749CEQ9XIFA
HYPAMZB2749CL90KMM4
HYPAMZB2749CLV8XJFE
HYPAMZB2749CCPLZR5R
HYPAMZB2749C0WGPCG2
HYPAMZB2749CL96TSCC
HYPAMZB2749CEYQ34LH
HYPAMZB2749C9OMY8KG
HYPAMZB2749C8AQ1W1S
HYPAMZB2749CE1DK98F
HYPAMZB2749CIZU5SIO
HYPAMZB2749CS47X92H
HYPAMZB2749C0VCMI44
HYPAMZB2749C78MFDNT
HYPAMZB2749CYFA4IAP
HYPAMZB2749C24RE8LF
HYPAMZB2749CCRP0NH8
HYPAMZB2749CS98MILP
HYPAMZB2749CDSG064U
HYPAMZB2749CH0TV0BO
HYPAMZB2749CJ4MJD33
HYPAMZB2749CVTSPXQC
HYPAMZB2749COJG79E4
HYPAMZB2749CV29DWRH
HYPAMZB2749C0B1EKDK
HYPAMZB2749C2FTLHG5
HYPAMZB2749CEIJG5JV
HYPAMZB2749CV71ICHR
HYPAMZB2749CMV1W1Q8
HYPAMZB2749C23ZJ9JB
HYPAMZB2749C5MT2UXG
HYPAMZB2749C6BCO2I2
HYPAMZB2749CI9DEU0X
HYPAMZB2749C0QXJWGV
HYPAMZB2749CEK2HUWZ
HYPAMZB2749CP0JUXP2
HYPAMZB2749CNPJYA5U
HYPAMZB2749CEKI6PSY
HYPAMZB2749CT9P7OL5
HYPAMZB2749CYCVEQCX
HYPAMZB2749CSUJVM5H
HYPAMZB2749CMHSHQTJ
HYPAMZB2749CQUQW3AY
HYPAMZB2749C9I3M9Q5
HYPAMZB2749CYTS2SHV
HYPAMZB2749CPR6S6VP
HYPAMZB2749CO6FCAPM
HYPAMZB2749CM6K80UI
HYPAMZB2749C7DNYEFV
HYPAMZB2749CNMM1QBC
HYPAMZB2749CXZEIK43
HYPAMZB2749CG2X49Y1
HYPAMZB2749C32041JK
HYPAMZB2749CC4UCSDS
HYPAMZB2749C78YK3P6
HYPAMZB2749CSM83U95
HYPAMZB2749CIFRCQQ0
HYPAMZB2749CMOZAR1M
HYPAMZB2749CM7UMBN7
HYPAMZB2749CTGT7LZ3
HYPAMZB2749CS48U8CU
HYPAMZB2749COAX7MQE
HYPAMZB2749CGEN7NI6
HYPAMZB2749CKCO4IPV
HYPAMZB2749CPADXB5E
HYPAMZB2749C0J1Q2AD
HYPAMZB2749C13PY6EV
HYPAMZB2749C7OGYDQ0
HYPAMZB2749CVNB7CRW
HYPAMZB2749CDCUKP7M
HYPAMZB2749CKLV1UQQ
HYPAMZB2749CNJJCVUX
HYPAMZB2749CEAVDT1G
HYPAMZB2749CVS8W92S
HYPAMZB2749C7EJVQNM
HYPAMZB2749CHTDQQT2
HYPAMZB2749CJ3GIBS0
HYPAMZB2749C13451A5
HYPAMZB2749CVRVMI50
HYPAMZB2749CVGFAT78
HYPAMZB2749CW9UIA9J
HYPAMZB2749CX3Q0XY2
HYPAMZB2749CQTR5XCG
HYPAMZB2749C5MUQLTV
HYPAMZB2749C9AY7CTD
HYPAMZB2749CWEB7H3C
HYPAMZB2749C8R89VYY
HYPAMZB2749C6HBJFRV
HYPAMZB2749CUCETKMY
HYPAMZB2749CV3ON5NY
HYPAMZB2749CR7VF7P3
HYPAMZB2749CAH3RUUJ
HYPAMZB2749C8OSFUHX
HYPAMZB2749C319VB40
HYPAMZB2749C4ANEGNL
HYPAMZB2749CENU48BS
HYPAMZB2749CQEE8DPB
HYPAMZB2749CNJDVQ5H
HYPAMZB2749CQ49F95O
HYPAMZB2749CUWXOIQ8
HYPAMZB2749CGGGKMFZ
HYPAMZB2749CX8W7IRH
HYPAMZB2749CIXMW48D
HYPAMZB2749C4G7594D
HYPAMZB2749CYBA1XUW
HYPAMZB2749C7919RLM
HYPAMZB2749C7A7F7ZV
HYPAMZB2749CNWVH6DF
HYPAMZB2749CB7YH7LW
HYPAMZB2749CRJU55CY
HYPAMZB2749C23M921Z
HYPAMZB2749C6U5HJTL
HYPAMZB2749CE3FJ4MG
HYPAMZB2749CHLU4S9K
HYPAMZB2749COIVY7M3
HYPAMZB2749CAPNYPKU
HYPAMZB2749C6CJEJ6Y
HYPAMZB2749CEZVQ4II
HYPAMZB2749CXBOYMG7
HYPAMZB2749CFDFOEGF
HYPAMZB2749C0DCNYIC
HYPAMZB2749CY1C8MR6
HYPAMZB2749CFMXMD6R
HYPAMZB2749CYYF2WYO
HYPAMZB2749C5RQ6M3R
HYPAMZB2749C3ONK621
HYPAMZB2749C7L82I9F
HYPAMZB2749C4XQO7YL
HYPAMZB2749CUBKNF3J
HYPAMZB2749COAPWVOB
HYPAMZB2749C39385IJ
HYPAMZB2749C7WAMGDU
HYPAMZB2749CGZMX7JW
HYPAMZB2749CQDN990Y
HYPAMZB2749C5LKOW8C
HYPAMZB2749CK2YEYJ3
HYPAMZB2749CZQUW897
HYPAMZB2749CVSKQJCW
HYPAMZB2749CH7DT9JG
HYPAMZB2749C7R89WHU
HYPAMZB2749CXBUBH4F
HYPAMZB2749C77WC1QP
HYPAMZB2749C3ARLKTY
HYPAMZB2749CWE6YO7Q
HYPAMZB2749CC9J0JYZ
HYPAMZB2749CS2P8LJH
HYPAMZB2749C79N6GBP
HYPAMZB2749CQ8CK7GD
HYPAMZB2749CVWNMPI2
HYPAMZB2749CW0ZXFR1
HYPAMZB2749C1PUCL81
HYPAMZB2749CI7HVODQ
HYPAMZB2749C9I2KB0T
HYPAMZB2749CJ7S3TZI
HYPAMZB2749CXU6EGLN
HYPAMZB2749COQMC5PG
HYPAMZB2749CEAB3HTT
HYPAMZB2749CJ39F29X
HYPAMZB2749CPWGP21V
HYPAMZB2749CMGCEK4B
HYPAMZB2749CW4RGLPB
HYPAMZB2749C48E05UA
HYPAMZB2749C2FV25NX
HYPAMZB2749CRZ8PCVL
HYPAMZB2749CYKUL2NY
HYPAMZB2749CTXWE9A2
HYPAMZB2749C9EAM61K
HYPAMZB2749CFZ1346D
HYPAMZB2749C41SLOKB
HYPAMZB2749C1L6ARUV
HYPAMZB2749CRTL5HSV
HYPAMZB2749CLWOHR6H
HYPAMZB2749CRRA3REF
HYPAMZB2749C4KMCLKJ
HYPAMZB2749CLSJBJ46
HYPAMZB2749C39KPWAG
HYPAMZB2749C9LG38AA
HYPAMZB2749C3DQ820O
HYPAMZB2749C088UMWP
HYPAMZB2749CFWFZ4D7
HYPAMZB2749CM9D7706
HYPAMZB2749CWUEEWDB
HYPAMZB2749CGOKGMNU
HYPAMZB2749CXOMW0S8
HYPAMZB2749CW354TZB
HYPAMZB2749C6V32AVC
HYPAMZB2749CU3LG62J
HYPAMZB2749CH7GSFL1
HYPAMZB2749CYY8VN0O
HYPAMZB2749CTS5BOJ8
HYPAMZB2749CWIX58I7
HYPAMZB2749CPQQ4DES
HYPAMZB2749CB6PVLXY
HYPAMZB2749CVF4KHZQ
HYPAMZB2749CAYYGQ7U
HYPAMZB2749CJH8VJQI
HYPAMZB2749CKZKXR2Q
HYPAMZB2749C1BPGREG
HYPAMZB2749CY4LYW8K
HYPAMZB2749CID1TSX2
HYPAMZB2749C4ICGGOJ
HYPAMZB2749C3JTUEND
HYPAMZB2749CK3OZXS4
HYPAMZB2749C854XQ8N
HYPAMZB2749CFU7MIY4
HYPAMZB2749C4228K74
HYPAMZB2749C1D6PAWG
HYPAMZB2749CNEGU68I
HYPAMZB2749C3JZ7OFO
HYPAMZB2749CFM4IZHZ
HYPAMZB2749CQ5RLLHY
HYPAMZB2749C7NMD88T
HYPAMZB2749CXBJLSIB
HYPAMZB2749C0LSR5YA
HYPAMZB2749C0NIUOBY
HYPAMZB2749CZZ1XHOA
HYPAMZB2749CY0B2K94
HYPAMZB2749CT6JJBUR
HYPAMZB2749CW8LIPKW
HYPAMZB2749CYXBGUHP
HYPAMZB2749C9UD4K83
HYPAMZB2749C737E5Y3
HYPAMZB2749CLTA6UHO
HYPAMZB2749CG6KJ6LU
HYPAMZB2749CWCC5XJ9
HYPAMZB2749CEMK6TZ1
HYPAMZB2749CVMJ0F8J
HYPAMZB2749CJFWQ9D2
HYPAMZB2749CFVCSJSO
HYPAMZB2749CU9OPD4C
HYPAMZB2749CLE4H9X8
HYPAMZB2749CKCY0AFR
HYPAMZB2749CAEVTPC6
HYPAMZB2749C3V4X6OS
HYPAMZB2749CL761NR5
HYPAMZB2749CDB0LKOH
HYPAMZB2749C7ZVEZ5W
HYPAMZB2749CI7WD4XY
HYPAMZB2749CQYGCOCB
HYPAMZB2749CC8UNFYW
HYPAMZB2749C1TDKNRD
HYPAMZB2749CHOURQ6K
HYPAMZB2749C07FTCT4
HYPAMZB2749CWNULHOX
HYPAMZB2749CJ7V772Q
HYPAMZB2749CN9EHB93
HYPAMZB2749CPZ7OOVC
HYPAMZB2749C1QAM5AM
HYPAMZB2749CZS0IGPL
HYPAMZB2749CCXMZ9E4
HYPAMZB2749C625ZKWK
HYPAMZB2749CIMRYGHF
HYPAMZB2749CM5SSYEE
HYPAMZB2749C0GV1ZXN
HYPAMZB2749CR8CT0Z1
HYPAMZB2749CGB6D10F
HYPAMZB2749C6M13DRB
HYPAMZB2749CNJTHQVJ
HYPAMZB2749CDK8TIY6
HYPAMZB2749CP4UP5JD
HYPAMZB2749CJLJ5EQ2
HYPAMZB2749CVAKGQQ3
HYPAMZB2749C6L6KT06
HYPAMZB2749C26A5YST
HYPAMZB2749CU1TCN6F
HYPAMZB2749CUMBNUE5
HYPAMZB2749COKQAMQI
HYPAMZB2749CJ89ZWEP
HYPAMZB2749CYEBSVR7
HYPAMZB2749CWLXBAKN
HYPAMZB2749CWZ4IP10
HYPAMZB2749CL9EZR9S
HYPAMZB2749CX3LJ9OL
HYPAMZB2749CWUIUDZI
HYPAMZB2749CKA5XSDL
HYPAMZB2749CMKOLUOU
HYPAMZB2749CUOR2JJ6
HYPAMZB2749CTAU1MRR
HYPAMZB2749CTJXRDZS
HYPAMZB2749CXU57RSJ
HYPAMZB2749CRY2H7N9
HYPAMZB2749CPUW7X2R
HYPAMZB2749CA94IQEM
HYPAMZB2749CUUSG4AS
HYPAMZB2749CJWCLIXD
HYPAMZB2749C13UNZ4V
HYPAMZB2749CTQ8PEKB
HYPAMZB2749CIYMW5YB
HYPAMZB2749CWXRTSPY
HYPAMZB2749C08SXEAV
HYPAMZB2749CSQNDA2Z
HYPAMZB2749CJIGX886
HYPAMZB2749C9E5EU46
HYPAMZB2749C3NTWNDM
HYPAMZB2749C3BICAA5
HYPAMZB2749CVKW9SC3
HYPAMZB2749CI8Z4GRE
HYPAMZB2749CAWKGMC0
HYPAMZB2749C28TN56E
HYPAMZB2749C9X1DVGT
HYPAMZB2749CD8F5QHH
HYPAMZB2749CF51MHQB
HYPAMZB2749CA9Y0EHJ
HYPAMZB2749CCUKSI6C
HYPAMZB2749CJVDNC0K
HYPAMZB2749C09LK9V5
HYPAMZB2749C1VU6BT9
HYPAMZB2749C2P27OO0
HYPAMZB2749CU5SF4CM
HYPAMZB2749CDBPPJOX
HYPAMZB2749CVYRASWU
HYPAMZB2749CZE99PSY
HYPAMZB2749CN7I0KLU
HYPAMZB2749C90BV1M7
HYPAMZB2749C8G3O2UG
HYPAMZB2749CWMHLX3M
HYPAMZB2749C8PXV4JC
HYPAMZB2749C3QDUCPV
HYPAMZB2749C1K6TOSO
HYPAMZB2749CTYIJ3HA
HYPAMZB2749C0HT1FU5
HYPAMZB2749CNHXZ1I4
HYPAMZB2749CKM3UROX
HYPAMZB2749CL1IGKMA
HYPAMZB2749C47PQ300
HYPAMZB2749CZ83RGN9
HYPAMZB2749C2BSLRQU
HYPAMZB2749CF7KAWCC
HYPAMZB2749CLQP951T
HYPAMZB2749CYQQC4PS
HYPAMZB2749C4A3RVHK
HYPAMZB2749CUSI7QI6
HYPAMZB2749C8VUVWTB
HYPAMZB2749C1PXDD22
HYPAMZB2749CCWSP52L
HYPAMZB2749CPWLZRTH
HYPAMZB2749CN1ZKHO9
HYPAMZB2749CXDKQFF7
HYPAMZB2749CQ1O119P
HYPAMZB2749CCQKPAO4
HYPAMZB2749C0XQPU8P
HYPAMZB2749CD94PM41
HYPAMZB2749COXCJ435
HYPAMZB2749CB5H4UEU
HYPAMZB2749C0G1LYEW
HYPAMZB2749CZEIAO9K
HYPAMZB2749C34YGRYS
HYPAMZB2749CJGDVCDN
HYPAMZB2749C3IL6D08
HYPAMZB2749C89B144R
HYPAMZB2749CFAD78TP
HYPAMZB2749C7AVW6LN
HYPAMZB2749CATCFXHY
HYPAMZB2749C5HGLAJU
HYPAMZB2749CWB35S8R
HYPAMZB2749CPNYC1M3
HYPAMZB2749CRSELPS0
HYPAMZB2749CWSLLFK3
HYPAMZB2749CENGZMKJ
HYPAMZB2749CC78G7HQ
HYPAMZB2749CC1G5984
HYPAMZB2749CW91EJ18
HYPAMZB2749CFC2B564
HYPAMZB2749C2FY00Z0
HYPAMZB2749C0ZVPDMJ
HYPAMZB2749C69BQQTU
HYPAMZB2749CRKIS5AH
HYPAMZB2749CUDM3KHT
HYPAMZB2749CKNTL25S
HYPAMZB2749CFI0WNHL
HYPAMZB2749CCYDO97S
HYPAMZB2749CB63IZ0L
HYPAMZB2749C2J28Z1I
HYPAMZB2749CRSXGMQA
HYPAMZB2749C2JHOSVL
HYPAMZB2749CL1H05E7
HYPAMZB2749CW0OR1X4
HYPAMZB2749C4LOUQYX
HYPAMZB2749CYUI37NO
HYPAMZB2749CB2QJR13
HYPAMZB2749CWVH8ZYI
HYPAMZB2749CXZCZZOF
HYPAMZB2749CX5Z7N28
HYPAMZB2749C5A72JFZ
HYPAMZB2749CQKVSEII
HYPAMZB2749CNYTDCXF
HYPAMZB2749CRKZIWH1
HYPAMZB2749CPTIT16K
HYPAMZB2749CZ1IYL57
HYPAMZB2749C3GYFYCP
HYPAMZB2749CYSKTOV9
HYPAMZB2749CE6F68NX
HYPAMZB2749CH7V6MAF
HYPAMZB2749CWNLPS1N
HYPAMZB2749CXLC676Y
HYPAMZB2749CAEON1V2
HYPAMZB2749CBOVF2LS
HYPAMZB2749CV4E1N9O
HYPAMZB2749CR63FBBN
HYPAMZB2749CK77GA8A
HYPAMZB2749CDVT6XFV
HYPAMZB2749C97AVRSH
HYPAMZB2749C9R1ATDF
HYPAMZB2749CN1PFFG0
HYPAMZB2749C9UD6RL5
HYPAMZB2749CN4WR0T5
HYPAMZB2749CJ3WQKN1
HYPAMZB2749CJEF5YJZ
HYPAMZB2749CIORLYSX
HYPAMZB2749CMZA3WIZ
HYPAMZB2749CZTTUFVY
HYPAMZB2749CHZVEP7X
HYPAMZB2749CKQJTLZS
HYPAMZB2749C0AELTHY
HYPAMZB2749CB14IO64
HYPAMZB2749CR0JI01K
HYPAMZB2749C0NZP99D
HYPAMZB2749CSS4RX77
HYPAMZB2749CKG773G4
HYPAMZB2749CHHKRGPY
HYPAMZB2749C0JV8S7I
HYPAMZB2749CW0AGZIU
HYPAMZB2749CG0P278R
HYPAMZB2749CFB2NDML
HYPAMZB2749CDEFY9UN
HYPAMZB2749C5RQHCZY
HYPAMZB2749CZ8I8VC8
HYPAMZB2749CVGJW186
HYPAMZB2749CECBP5QC
HYPAMZB2749CGHE2KW4
HYPAMZB2749C1HFQ8D3
HYPAMZB2749C8YJQ8GZ
HYPAMZB2749C54Z5IAH
HYPAMZB2749C27AVPW5
HYPAMZB2749CE0RRUPA
HYPAMZB2749C30E6H07
HYPAMZB2749CDC8VKF5
HYPAMZB2749CA41Y7O4
HYPAMZB2749CMU38O8A
HYPAMZB2749CGGGTLBI
HYPAMZB2749CFIBLCEZ
HYPAMZB2749CJ3K9A99
HYPAMZB2749CSKWR9YY
HYPAMZB2749CD69PH83
HYPAMZB2749CFV2HUYZ
HYPAMZB2749CP8P0U6E
HYPAMZB2749CX1CSU16
HYPAMZB2749C5Z70SUX
HYPAMZB2749CDJKAAO1
HYPAMZB2749CRUPRA34
HYPAMZB2749CM614VXN
HYPAMZB2749C56M6UBR
HYPAMZB2749C27B5DZ9
HYPAMZB2749CK0GICQO
HYPAMZB2749C49T5JCE
HYPAMZB2749CJYSL7E2
HYPAMZB2749CIEYZ9QC
HYPAMZB2749C4AM52Y1
HYPAMZB2749CQ69IRYN
HYPAMZB2749CTH0ZGO1
HYPAMZB2749CZ72XFBJ
HYPAMZB2749C3EOOI0I
HYPAMZB2749C3HERROR
HYPAMZB2749CSVMM34Y
HYPAMZB2749CZSNMGOI
HYPAMZB2749C72WL9UG
HYPAMZB2749CRQH4AU7
HYPAMZB2749CMB0DTUI
HYPAMZB2749CINKHQ0G
HYPAMZB2749C7VSZ694
HYPAMZB2749CM78WDCQ
HYPAMZB2749CQN3T6O6
HYPAMZB2749CMBCYBDV
HYPAMZB2749CJOEFLKU
HYPAMZB2749CBK5IRPZ
HYPAMZB2749C2007HOC
HYPAMZB2749CZP5GND3
HYPAMZB2749CWUIT3T7
HYPAMZB2749C1SU78IF
HYPAMZB2749C0U3LXHD
HYPAMZB2749CAIJG3X0
HYPAMZB2749CVHA4EE3
HYPAMZB2749C8Z0RQQX
HYPAMZB2749CGGATCZU
HYPAMZB2749CU02ZP3R
HYPAMZB2749CR6ETOB4
HYPAMZB2749C26NY8YY
HYPAMZB2749CCW7WBOE
HYPAMZB2749C8WMPXI1
HYPAMZB2749CU7KO1RE
HYPAMZB2749C0R8T0AS
HYPAMZB2749CM4SGPTJ
HYPAMZB2749CMH6IO0I
HYPAMZB2749C7PKJQ1Z
HYPAMZB2749COTHAC3W
HYPAMZB2749CF6MIDI1
HYPAMZB2749C4KODRN0
HYPAMZB2749C96EKF6T
HYPAMZB2749CE1WX4YH
HYPAMZB2749C87EMDHK
HYPAMZB2749C867C71P
HYPAMZB2749CDQ9OM6X
HYPAMZB2749CHKDEUUB
HYPAMZB2749CP82LKM0
HYPAMZB2749CH0KJN52
HYPAMZB2749COOBQ5IV
HYPAMZB2749CW8M9YLR
HYPAMZB2749CKL2VZN6
HYPAMZB2749CN1X7RFA
HYPAMZB2749C2Z5BAIR
HYPAMZB2749CZ075H7Q
HYPAMZB2749C70RIOOT
HYPAMZB2749C0BXKQA9
HYPAMZB2749CKIQ15RL
HYPAMZB2749CB2RMTTU
HYPAMZB2749C05HX5JQ
HYPAMZB2749CGMSWELU
HYPAMZB2749C79TR2XK
HYPAMZB2749CQRI8NC7
HYPAMZB2749CZTRHBPY
HYPAMZB2749CBIQQ9Y9
HYPAMZB2749CQH0MRJO
HYPAMZB2749CLSIZA3W
HYPAMZB2749C91CKK41
HYPAMZB2749CZBS8I34
HYPAMZB2749CC4HD9K5
HYPAMZB2749CIFJXKA3
HYPAMZB2749CQ7OUN8U
HYPAMZB2749C4M1NGA5
HYPAMZB2749C398HPUO
HYPAMZB2749CLZGUIEL
HYPAMZB2749CE56MEVH
HYPAMZB2749CMFKVVPQ
HYPAMZB2749C7S228ZM
HYPAMZB2749CCWKI02R
HYPAMZB2749CVK5SZLL
HYPAMZB2749C54VTAYP
HYPAMZB2749C6CH1X9U
HYPAMZB2749C13ZNVAH
HYPAMZB2749C91R1MRG
HYPAMZB2749CJEBK0GX
HYPAMZB2749CHF2WYK0
HYPAMZB2749CO0FQSUL
HYPAMZB2749CMQZFPF3
HYPAMZB2749CHZJEDYR
HYPAMZB2749CCH4XBKF
HYPAMZB2749CBRO96S3
HYPAMZB2749CG43O19U
HYPAMZB2749CWUU1ZRZ
HYPAMZB2749CKY4ZFPS
HYPAMZB2749CKS1TCEB
HYPAMZB2749CTO3YZOI
HYPAMZB2749CNU6LC92
HYPAMZB2749CZCS7RMV
HYPAMZB2749C6O0XE74
HYPAMZB2749CQAPNKYF
HYPAMZB2749C5YQQC9H
HYPAMZB2749C5TMBJ91
HYPAMZB2749CTDOBNHF
HYPAMZB2749CT77AA84
HYPAMZB2749CV2SXR1F
HYPAMZB2749CX1FVFBN
HYPAMZB2749C0ZZFM9H
HYPAMZB2749CVH5RRPO
HYPAMZB2749C04BCMSO
HYPAMZB2749CJDXL5H4
HYPAMZB2749CJJC2Q8J
HYPAMZB2749CT8VA6BC
HYPAMZB2749C3JC2YTE
HYPAMZB2749CSHWB6L7
HYPAMZB2749CV4PCYWN
HYPAMZB2749CULZPC6N
HYPAMZB2749CSCGJJ8J
HYPAMZB2749C60J654D
HYPAMZB2749CTM7N4K7
HYPAMZB2749CHJJ2HI2
HYPAMZB2749CHQ9JI0B
HYPAMZB2749C03Q4DMS
HYPAMZB2749C8N60C43
HYPAMZB2749CWNQBPEC
HYPAMZB2749C85J4OZ0
HYPAMZB2749CVHHZF0Y
HYPAMZB2749CYE3OWQD
HYPAMZB2749CV30S4E4
HYPAMZB2749CX7Q9UO6
HYPAMZB2749CXUIEER1
HYPAMZB2749CLH6WROQ
HYPAMZB2749C9W79EVV
HYPAMZB2749CJSGV3D2
HYPAMZB2749C3DMDUAA
HYPAMZB2749CLZTR5C8
HYPAMZB2749CXJJX43W
HYPAMZB2749CGTOVSPU
HYPAMZB2749CI4O9CYW
HYPAMZB2749CZVUGXB7
HYPAMZB2749CTBNCCIN
HYPAMZB2749C1VNZ1F7
HYPAMZB2749C6OC9KEM
HYPAMZB2749CBW1OUF6
HYPAMZB2749CYT9XQC4
HYPAMZB2749CD8BCRSG
HYPAMZB2749CYBZF7FS
HYPAMZB2749CIL118W1
HYPAMZB2749CJQV37P3
HYPAMZB2749C2UQOGDL
HYPAMZB2749CSX5L4Y2
HYPAMZB2749CRGWQBCK
HYPAMZB2749CZ0RQEQ1
HYPAMZB2749CITT00CQ
HYPAMZB2749C3U6L1WF
HYPAMZB2749CCBQZ4V4
HYPAMZB2749CAR5DDAT
